 p = plus grand premier tel que S(p) <= 10^n
 q = nextprime(p)
 Delta = 10^n-S(p)

 n                   p                      q                    Delta

 5                  1151                   1153                     315  OK
 6                  3931                   3943                    2339  OK   
 7                 13421                  13441                    8555  OK
 8                 45191                  45197                   44820  OK
 9                151057                 151091                  133215  OK
10                502247                 502259                   78132  OK
11               1662361	        1662377			 679220  OK
12               5477081                5477083                 4935150  OK
13              17993471               17993477                17687910  OK
14              58954409               58954411                18206505  OK
15             192682397              192682537                79297359  OK
16             628420087              628420129               468817588  OK
17            2045812129             2045812157               530434512  OK
18            6649205947             6649205951              4975017306  OK
19           21579536887            21579536893              7802551562  OK
20           69943284083            69943284097             37512814187  OK
21          226431374401           226431374423            142613249827  OK
22          732253012133           732253012171            451575818329  OK
23         2365707119569          2365707119579           2123854653548  OK
24         7636102747781          7636102747789           3265879922023  OK
25        24627776204923         24627776205037          19762898291976  OK
26        79368662592301         79368662592367          41809634354534  OK
27       255604186937189        255604186937213           6459083731725  OK
28       822628809813037        822628809813047         815508130025257  OK
29      2645919057430751       2645919057430769        2501502719639271  OK
30      8505572989358131       8505572989358167        7343449508390437  OK
31     27327564443962931      27327564443962997       13877499683805723  OK
32     87757258184451287      87757258184451299       25633740738769901  OK
33    281684563123416169     281684563123416247      227862450865627006  OK
34    903759496776593377     903759496776593423      679498720026090893  OK
35   2898434150644708999    2898434150644709023     1886081812111845520  OK
36   9291904456443732941    9291904456443732989      985957709586284850  OK
37  29777343074488170827   29777343074488170829    16077729342911953550  OK
38  95392781992643990839   95392781992643990989    76643245168178692871  OK
39 305492983755079252471  305492983755079252571   214795492623894403693  OK
<<<<<<< invsump10n
40 978027446882254051721  978027446882254051849   183091770378213506511
40 978027446880235143521  978027446880235143577   908046910202558971597
=======
40 978027446880235143521  978027446880235143577   908046910202558971597  OK
>>>>>>> 1.12
